0 379.458 354.966 2 0
0 365.527 345.318 3 0
0 352.381 336.178 4 0
0 339.97 327.503 5 0
0 327.982 318.966 6 0
0 316.361 310.516 7 0
0 305.222 302.286 8 0
0 294.538 294.254 9 0
0 284.258 286.375 10 0
0 274.355 278.628 11 0
0 264.732 270.972 12 0
0 255.293 263.385 13 0
0 245.989 255.865 14 0
0 236.799 248.418 15 0
0 227.714 241.05 16 0
0 218.736 233.77 17 0
0 209.873 226.587 18 0
0 201.134 219.508 19 0
0 212.542 275.733 20 0
0 205.676 266.18 21 0
0 198.965 256.776 22 0
0 192.399 247.45 23 0
0 186.048 238.22 24 0
0 179.911 229.046 25 0
0 174.065 219.967 26 0
0 168.509 210.953 27 0
0 163.283 202.02 28 0
0 158.43 193.183 29 0
0 184.458 159.531 30 0
0 175.672 151.815 31 0
0 167.371 144.844 32 0
0 159.134 138.118 33 0
0 150.889 131.529 34 0
0 142.632 125.044 35 0
0 134.861 119.204 36 0
0 127.187 113.542 37 0
0 119.614 108.039 38 0
0 112.516 103.108 39 0
0 105.523 98.2975 40 0
0 93.6099 154.678 41 0
0 88.9998 148.089 42 0
0 84.8717 142.064 43 0
0 80.8353 136.149 44 0
0 76.9164 130.319 45 0
0 73.502 124.916 46 0
0 70.3545 119.672 47 0
0 67.3607 114.445 48 0
0 64.8896 109.578 49 0
0 62.6567 104.767 50 0
0 60.5343 99.8652 51 0
0 58.9442 95.2807 52 0
0 57.6434 90.7578 53 0
0 56.8584 86.5128 54 0
0 56.377 82.3245 55 0
0 78.2038 110.609 56 0
0 74.1284 104.605 57 0
0 70.0261 99.1051 58 0
0 65.926 94.0822 59 0
0 62.0537 89.5354 60 0
0 58.1417 85.1248 61 0
0 54.5033 81.0297 62 0
0 50.8388 76.9712 63 0
0 47.48 73.1765 64 0
0 44.1275 69.3898 65 0
0 41.0763 65.8148 66 0
0 62.2395 123.244 67 0
0 58.5917 118.167 68 0
0 54.8825 113.39 69 0
0 51.1373 108.813 70 0
0 47.4569 104.508 71 0
0 43.8221 100.376 72 0
0 40.2579 96.3925 73 0
0 24.3196 92.5303 74 0
0 23.4459 88.7812 75 0
0 22.8205 85.1285 76 0
0 22.4339 81.5598 77 0
0 22.2769 78.0643 78 0
0 22.3404 74.6329 79 0
0 22.6154 71.2574 80 0
0 23.0929 67.9306 81 0
0 23.7657 64.6472 82 0
0 24.5975 61.3777 83 0
0 58.1304 100.65 84 0
0 54.693 95.1477 85 0
0 51.097 90.088 86 0
0 47.3772 85.4498 87 0
0 43.5728 81.0297 88 0
0 39.7236 76.7486 89 0
0 35.868 72.5768 90 0
0 32.2032 68.6622 91 0
0 28.7361 64.9781 92 0
0 25.4767 61.5013 93 0
0 22.4345 58.2087 94 0
0 19.6083 55.0734 95 0
0 16.995 52.0727 96 0
0 14.5965 49.1918 97 0
0 46.6634 106.98 98 0
0 44.2256 102.088 99 0
0 41.8948 97.7026 100 0
0 39.6839 93.5955 101 0
0 37.6018 89.6659 102 0
0 35.6543 85.87 103 0
0 33.8424 82.1728 104 0
0 32.1655 78.5528 105 0
0 30.6212 74.9976 106 0
0 29.2059 71.5013 107 0
0 27.9145 68.0558 108 0
0 26.7417 64.6566 109 0
0 25.6822 61.3038 110 0
0 24.7313 58.0022 111 0
0 23.8845 54.7601 112 0
0 23.138 51.5865 113 0
0 22.4884 48.4909 114 0
0 21.933 45.7296 115 0
0 43.2 930.946 116 0
0 40.7604 911.611 117 0
0 38.4393 893.677 118 0
0 36.2597 877.11 119 0
0 34.239 861.878 120 0
0 32.3897 847.952 121 0
0 30.7198 835.307 122 0
0 29.2335 823.603 123 0
0 20.7427 812.393 124 0
0 20.6765 801.488 125 0
0 1094.12 20.518 126 0
0 1070.96 20.2868 127 0
0 1047.39 20.0078 128 0
0 1023.48 19.7079 129 0
0 999.332 19.4204 130 0
0 975.054 19.178 131 0
0 950.72 19.0131 132 0
0 18.9542 697.4 133 0
0 18.9424 684.025 134 0
0 19.0051 671.913 135 0
0 19.171 661.04 136 0
0 19.4701 651.375 137 0
0 19.9329 642.308 138 0
0 20.5903 633.637 139 0
0 21.473 625.268 140 0
0 22.6115 617.152 141 0
0 24.0348 609.264 142 0
0 25.7705 601.59 143 0
0 27.8441 594.124 144 0
0 30.279 586.861 145 0
0 33.0961 579.802 146 0
0 36.314 572.945 147 0
0 39.9485 566.289 148 0
0 44.0124 559.834 149 0
0 48.5161 553.581 150 0
0 53.4676 547.528 151 0
0 541.674 596.778 152 0
0 535.181 584.164 153 0
0 528.085 572.781 154 0
0 520.431 562.591 155 0
0 512.267 553.559 156 0
0 503.645 545.652 157 0
0 538.838 925.603 158 0
0 531.393 915.027 159 0
0 523.36 905.818 160 0
0 514.785 897.852 161 0
0 505.719 890.491 162 0
0 496.221 883.496 163 0
0 486.349 876.745 164 0
0 476.165 870.169 165 0
0 465.732 863.726 166 0
0 455.111 857.387 167 0
0 444.364 851.135 168 0
0 433.549 844.956 169 0
0 422.72 838.837 170 0
0 411.929 832.772 171 0
0 401.222 826.751 172 0
0 390.64 820.769 173 0
0 380.218 814.82 174 0
0 369.987 808.898 175 0
0 328.627 802.997 176 0
0 321.241 797.112 177 0
0 314.079 791.239 178 0
0 307.162 785.372 179 0
0 300.503 779.509 180 0
0 294.116 773.645 181 0
0 288.01 767.779 182 0
0 282.194 761.906 183 0
0 276.674 756.025 184 0
0 271.457 750.134 185 0
